0  0  0  7.86  0.87  0  1.32  
0.01  0.0087  0  7.8732  0.87  0  1.32  
0.02  0.0174  0  7.8864  0.87  0  1.32  
0.03  0.0261  0  7.8996  0.87  0  1.32  
0.04  0.0348  0  7.9128  0.87  0  1.32  
0.05  0.0435  0  7.926  0.87  0  1.32  
0.06  0.0522  0  7.9392  0.87  0  1.32  
0.07  0.0609  0  7.9524  0.87  0  1.32  
0.08  0.0696  0  7.9656  0.87  0  1.32  
0.09  0.0783  0  7.9788  0.87  0  1.32  
0.1  0.087  0  7.992  0.87  0  1.32  
0.11  0.0957  0  8.0052  0.87  0  1.32  
0.12  0.1044  0  8.0184  0.87  0  1.32  
0.13  0.1131  0  8.0316  0.87  0  1.32  
0.14  0.1218  0  8.0448  0.87  0  1.32  
0.15  0.1305  0  8.058  0.87  0  1.32  
0.16  0.1392  0  8.0712  0.87  0  1.32  
0.17  0.1479  0  8.0844  0.87  0  1.32  
0.18  0.1566  0  8.0976  0.87  0  1.32  
0.19  0.1653  0  8.1108  0.87  0  1.32  
0.2  0.174  0  8.124  0.87  0  1.32  
0.21  0.1827  0  8.1372  0.87  0  1.32  
0.22  0.1914  0  8.1504  0.87  0  1.32  
0.23  0.2001  0  8.1636  0.87  0  1.32  
0.24  0.2088  0  8.1768  0.87  0  1.32  
0.25  0.2175  0  8.19  0.87  0  1.32  
0.26  0.2262  0  8.2032  0.87  0  1.32  
0.27  0.2349  0  8.2164  0.87  0  1.32  
0.28  0.2436  0  8.2296  0.87  0  1.32  
0.29  0.2523  0  8.2428  0.87  0  1.32  
0.3  0.261  0  8.256  0.87  0  1.32  
0.31  0.2697  0  8.2692  0.87  0  1.32  
0.32  0.2784  0  8.2824  0.87  0  1.32  
0.33  0.2871  0  8.2956  0.87  0  1.32  
0.34  0.2958  0  8.3088  0.87  0  1.32  
0.35  0.3045  0  8.322  0.87  0  1.32  
0.36  0.3132  0  8.3352  0.87  0  1.32  
0.37  0.3219  0  8.3484  0.87  0  1.32  
0.38  0.3306  0  8.3616  0.87  0  1.32  
0.39  0.3393  0  8.3748  0.87  0  1.32  
0.4  0.348  0  8.388  0.87  0  1.32  
0.41  0.3567  0  8.4012  0.87  0  1.32  
0.42  0.3654  0  8.4144  0.87  0  1.32  
0.43  0.3741  0  8.4276  0.87  0  1.32  
0.44  0.3828  0  8.4408  0.87  0  1.32  
0.45  0.3915  0  8.454  0.87  0  1.32  
0.46  0.4002  0  8.4672  0.87  0  1.32  
0.47  0.4089  0  8.4804  0.87  0  1.32  
0.48  0.4176  0  8.4936  0.87  0  1.32  
0.49  0.4263  0  8.5068  0.87  0  1.32  
0.5  0.435  0  8.52  0.87  0  1.32  
0.51  0.4437  0  8.5332  0.87  0  1.32  
0.52  0.4524  0  8.5464  0.87  0  1.32  
0.53  0.4611  0  8.5596  0.87  0  1.32  
0.54  0.4698  0  8.5728  0.87  0  1.32  
0.55  0.4785  0  8.586  0.87  0  1.32  
0.56  0.4872  0  8.5992  0.87  0  1.32  
0.57  0.4959  0  8.6124  0.87  0  1.32  
0.58  0.5046  0  8.6256  0.87  0  1.32  
0.59  0.5133  0  8.6388  0.87  0  1.32  
0.6  0.522  0  8.652  0.87  0  1.32  
0.61  0.5307  0  8.6652  0.87  0  1.32  
0.62  0.5394  0  8.6784  0.87  0  1.32  
0.63  0.5481  0  8.6916  0.87  0  1.32  
0.64  0.5568  0  8.7048  0.87  0  1.32  
0.65  0.5655  0  8.718  0.87  0  1.32  
0.66  0.5742  0  8.7312  0.87  0  1.32  
0.67  0.5829  0  8.7444  0.87  0  1.32  
0.68  0.5916  0  8.7576  0.87  0  1.32  
0.69  0.6003  0  8.7708  0.87  0  1.32  
0.7  0.609  0  8.784  0.87  0  1.32  
0.71  0.6177  0  8.7972  0.87  0  1.32  
0.72  0.6264  0  8.8104  0.87  0  1.32  
0.73  0.6351  0  8.8236  0.87  0  1.32  
0.74  0.6438  0  8.8368  0.87  0  1.32  
0.75  0.6525  0  8.85  0.87  0  1.32  
0.76  0.6612  0  8.8632  0.87  0  1.32  
0.77  0.6699  0  8.8764  0.87  0  1.32  
0.78  0.6786  0  8.8896  0.87  0  1.32  
0.79  0.6873  0  8.9028  0.87  0  1.32  
0.8  0.696  0  8.916  0.87  0  1.32  
0.81  0.7047  0  8.9292  0.87  0  1.32  
0.82  0.7134  0  8.9424  0.87  0  1.32  
0.83  0.7221  0  8.9556  0.87  0  1.32  
0.84  0.7308  0  8.9688  0.87  0  1.32  
0.85  0.7395  0  8.982  0.87  0  1.32  
0.86  0.7482  0  8.9952  0.87  0  1.32  
0.87  0.7569  0  9.0084  0.87  0  1.32  
0.88  0.7656  0  9.0216  0.87  0  1.32  
0.89  0.7743  0  9.0348  0.87  0  1.32  
0.9  0.783  0  9.048  0.87  0  1.32  
0.91  0.7917  0  9.0612  0.87  0  1.32  
0.92  0.8004  0  9.0744  0.87  0  1.32  
0.93  0.8091  0  9.0876  0.87  0  1.32  
0.94  0.8178  0  9.1008  0.87  0  1.32  
0.95  0.8265  0  9.114  0.87  0  1.32  
0.96  0.8352  0  9.1272  0.87  0  1.32  
0.97  0.8439  0  9.1404  0.87  0  1.32  
0.98  0.8526  0  9.1536  0.87  0  1.32  
0.99  0.8613  0  9.1668  0.87  0  1.32  
1  0.87  0  9.18  0.87  0  1.32  
1.01  0.8787  0  9.1932  0.87  0  1.32  
1.02  0.8874  0  9.2064  0.87  0  1.32  
1.03  0.8961  0  9.2196  0.87  0  1.32  
1.04  0.9048  0  9.2328  0.87  0  1.32  
1.05  0.9135  0  9.246  0.87  0  1.32  
1.06  0.9222  0  9.2592  0.87  0  1.32  
1.07  0.9309  0  9.2724  0.87  0  1.32  
1.08  0.9396  0  9.2856  0.87  0  1.32  
1.09  0.9483  0  9.2988  0.87  0  1.32  
1.1  0.957  0  9.312  0.87  0  1.32  
1.11  0.9657  0  9.3252  0.87  0  1.32  
1.12  0.9744  0  9.3384  0.87  0  1.32  
1.13  0.9831  0  9.3516  0.87  0  1.32  
1.14  0.9918  0  9.3648  0.87  0  1.32  
1.15  1.0005  0  9.378  0.87  0  1.32  
1.16  1.0092  0  9.3912  0.87  0  1.32  
1.17  1.0179  0  9.4044  0.87  0  1.32  
1.18  1.0266  0  9.4176  0.87  0  1.32  
1.19  1.0353  0  9.4308  0.87  0  1.32  
1.2  1.044  0  9.444  0.87  0  1.32  
1.21  1.0527  0  9.4572  0.87  0  1.32  
1.22  1.0614  0  9.4704  0.87  0  1.32  
1.23  1.0701  0  9.4836  0.87  0  1.32  
1.24  1.0788  0  9.4968  0.87  0  1.32  
1.25  1.0875  0  9.51  0.87  0  1.32  
1.26  1.0962  0  9.5232  0.87  0  1.32  
1.27  1.1049  0  9.5364  0.87  0  1.32  
1.28  1.1136  0  9.5496  0.87  0  1.32  
1.29  1.1223  0  9.5628  0.87  0  1.32  
1.3  1.131  0  9.576  0.87  0  1.32  
1.31  1.1397  0  9.5892  0.87  0  1.32  
1.32  1.1484  0  9.6024  0.87  0  1.32  
1.33  1.1571  0  9.6156  0.87  0  1.32  
1.34  1.1658  0  9.6288  0.87  0  1.32  
1.35  1.1745  0  9.642  0.87  0  1.32  
1.36  1.1832  0  9.6552  0.87  0  1.32  
1.37  1.1919  0  9.6684  0.87  0  1.32  
1.38  1.2006  0  9.6816  0.87  0  1.32  
1.39  1.2093  0  9.6948  0.87  0  1.32  
1.4  1.218  0  9.708  0.87  0  1.32  
1.41  1.2267  0  9.7212  0.87  0  1.32  
1.42  1.2354  0  9.7344  0.87  0  1.32  
1.43  1.2441  0  9.7476  0.87  0  1.32  
1.44  1.2528  0  9.7608  0.87  0  1.32  
1.45  1.2615  0  9.774  0.87  0  1.32  
1.46  1.2702  0  9.7872  0.87  0  1.32  
1.47  1.2789  0  9.8004  0.87  0  1.32  
1.48  1.2876  0  9.8136  0.87  0  1.32  
1.49  1.2963  0  9.8268  0.87  0  1.32  
1.5  1.305  0  9.84  0.87  0  1.32  
1.51  1.3137  0  9.8532  0.87  0  1.32  
1.52  1.3224  0  9.8664  0.87  0  1.32  
1.53  1.3311  0  9.8796  0.87  0  1.32  
1.54  1.3398  0  9.8928  0.87  0  1.32  
1.55  1.3485  0  9.906  0.87  0  1.32  
1.56  1.3572  0  9.9192  0.87  0  1.32  
1.57  1.3659  0  9.9324  0.87  0  1.32  
1.58  1.3746  0  9.9456  0.87  0  1.32  
1.59  1.3833  0  9.9588  0.87  0  1.32  
1.6  1.392  0  9.972  0.87  0  1.32  
1.61  1.4007  0  9.9852  0.87  0  1.32  
1.62  1.4094  0  9.9984  0.87  0  1.32  
1.63  1.4181  0  10.0116  0.87  0  1.32  
1.64  1.4268  0  10.0248  0.87  0  1.32  
1.65  1.4355  0  10.038  0.87  0  1.32  
1.66  1.4442  0  10.0512  0.87  0  1.32  
1.67  1.4529  0  10.0644  0.87  0  1.32  
1.68  1.4616  0  10.0776  0.87  0  1.32  
1.69  1.4703  0  10.0908  0.87  0  1.32  
1.7  1.479  0  10.104  0.87  0  1.32  
1.71  1.4877  0  10.1172  0.87  0  1.32  
1.72  1.4964  0  10.1304  0.87  0  1.32  
1.73  1.5051  0  10.1436  0.87  0  1.32  
1.74  1.5138  0  10.1568  0.87  0  1.32  
1.75  1.5225  0  10.17  0.87  0  1.32  
1.76  1.5312  0  10.1828  0.87  0  1.28179  
1.77  1.5399  0  10.1949  0.87  0  1.21016  
1.78  1.5486  0  10.206  0.87  0  1.10732  
1.79  1.5573  0  10.2158  0.87  0  0.976237  
1.8  1.566  0  10.224  0.87  0  0.82063  
1.81  1.5747  0  10.2304  0.87  0  0.644812  
1.82  1.5834  0  10.2349  0.87  0  0.453598  
1.83  1.5921  0  10.2375  0.87  0  0.252159  
1.84  1.6008  0  10.2379  0.87  0  0.0458929  
1.85  1.6095  0  10.2363  0.87  0  -0.159725  
1.86  1.6182  0  10.2327  0.87  0  -0.359287  
1.87  1.6269  0  10.2273  0.87  0  -0.547591  
1.88  1.6356  0  10.2201  0.87  0  -0.71978  
1.89  1.6443  0  10.2113  0.87  0  -0.871466  
1.9  1.653  0  10.2014  0.87  0  -0.998838  
1.91  1.6617  0  10.1904  0.87  0  -1.09876  
1.92  1.6704  0  10.1787  0.87  0  -1.16885  
1.93  1.6791  0  10.1666  0.87  0  -1.20753  
1.94  1.6878  0  10.1545  0.87  0  -1.21406  
1.95  1.6965  0  10.1423  0.87  0  -1.21406  
1.96  1.7052  0  10.1302  0.87  0  -1.21406  
1.97  1.7139  0  10.118  0.87  0  -1.21406  
1.98  1.7226  0  10.1059  0.87  0  -1.21406  
1.99  1.7313  0  10.0938  0.87  0  -1.21406  
2  1.74  0  10.0816  0.87  0  -1.21406  
2.01  1.7487  0  10.0695  0.87  0  -1.21406  
2.02  1.7574  0  10.0573  0.87  0  -1.21406  
2.03  1.7661  0  10.0452  0.87  0  -1.21406  
2.04  1.7748  0  10.0331  0.87  0  -1.21406  
2.05  1.7835  0  10.0209  0.87  0  -1.21406  
2.06  1.7922  0  10.0088  0.87  0  -1.21406  
2.07  1.8009  0  9.99664  0.87  0  -1.21406  
2.08  1.8096  0  9.9845  0.87  0  -1.21406  
2.09  1.8183  0  9.97236  0.87  0  -1.21406  
2.1  1.827  0  9.96022  0.87  0  -1.21406  
2.11  1.8357  0  9.94808  0.87  0  -1.21406  
2.12  1.8444  0  9.93594  0.87  0  -1.21406  
2.13  1.8531  0  9.9238  0.87  0  -1.21406  
2.14  1.8618  0  9.91165  0.87  0  -1.21406  
2.15  1.8705  0  9.89951  0.87  0  -1.21406  
2.16  1.8792  0  9.88737  0.87  0  -1.21406  
2.17  1.8879  0  9.87523  0.87  0  -1.21406  
2.18  1.8966  0  9.86309  0.87  0  -1.21406  
2.19  1.9053  0  9.85095  0.87  0  -1.21406  
2.2  1.914  0  9.83881  0.87  0  -1.21406  
2.21  1.9227  0  9.82667  0.87  0  -1.21406  
2.22  1.9314  0  9.81453  0.87  0  -1.21406  
2.23  1.9401  0  9.80239  0.87  0  -1.21406  
2.24  1.9488  0  9.79025  0.87  0  -1.21406  
2.25  1.9575  0  9.77811  0.87  0  -1.21406  
2.26  1.9662  0  9.76597  0.87  0  -1.21406  
2.27  1.9749  0  9.75383  0.87  0  -1.21406  
2.28  1.9836  0  9.74169  0.87  0  -1.21406  
2.29  1.9923  0  9.72955  0.87  0  -1.21406  
2.3  2.001  0  9.71741  0.87  0  -1.21406  
2.31  2.0097  0  9.70526  0.87  0  -1.21406  
2.32  2.0184  0  9.69312  0.87  0  -1.21406  
2.33  2.0271  0  9.68098  0.87  0  -1.21406  
2.34  2.0358  0  9.66884  0.87  0  -1.21406  
2.35  2.0445  0  9.6567  0.87  0  -1.21406  
2.36  2.0532  0  9.64456  0.87  0  -1.21406  
2.37  2.0619  0  9.63242  0.87  0  -1.21406  
2.38  2.0706  0  9.62028  0.87  0  -1.21406  
2.39  2.0793  0  9.60814  0.87  0  -1.21406  
2.4  2.088  0  9.596  0.87  0  -1.21406  
2.41  2.0967  0  9.58386  0.87  0  -1.21406  
2.42  2.1054  0  9.57172  0.87  0  -1.21406  
2.43  2.1141  0  9.55958  0.87  0  -1.21406  
2.44  2.1228  0  9.54744  0.87  0  -1.21406  
2.45  2.1315  0  9.5353  0.87  0  -1.21406  
2.46  2.1402  0  9.52316  0.87  0  -1.21406  
2.47  2.1489  0  9.51101  0.87  0  -1.21406  
2.48  2.1576  0  9.49887  0.87  0  -1.21406  
2.49  2.1663  0  9.48673  0.87  0  -1.21406  
2.5  2.175  0  9.47459  0.87  0  -1.21406  
2.51  2.1837  0  9.46245  0.87  0  -1.21406  
2.52  2.1924  0  9.45031  0.87  0  -1.21406  
2.53  2.2011  0  9.43817  0.87  0  -1.21406  
2.54  2.2098  0  9.42603  0.87  0  -1.21406  
2.55  2.2185  0  9.41389  0.87  0  -1.21406  
2.56  2.2272  0  9.40175  0.87  0  -1.21406  
2.57  2.2359  0  9.38961  0.87  0  -1.21406  
2.58  2.2446  0  9.37747  0.87  0  -1.21406  
2.59  2.2533  0  9.36533  0.87  0  -1.21406  
2.6  2.262  0  9.35319  0.87  0  -1.21406  
2.61  2.2707  0  9.34105  0.87  0  -1.21406  
2.62  2.2794  0  9.32891  0.87  0  -1.21406  
2.63  2.2881  0  9.31676  0.87  0  -1.21406  
2.64  2.2968  0  9.30462  0.87  0  -1.21406  
2.65  2.3055  0  9.29248  0.87  0  -1.21406  
2.66  2.3142  0  9.28034  0.87  0  -1.21406  
2.67  2.3229  0  9.2682  0.87  0  -1.21406  
2.68  2.3316  0  9.25606  0.87  0  -1.21406  
2.69  2.3403  0  9.24392  0.87  0  -1.21406  
2.7  2.349  0  9.23178  0.87  0  -1.21406  
2.71  2.3577  0  9.21964  0.87  0  -1.21406  
2.72  2.3664  0  9.2075  0.87  0  -1.21406  
2.73  2.3751  0  9.19536  0.87  0  -1.21406  
2.74  2.3838  0  9.18322  0.87  0  -1.21406  
2.75  2.3925  0  9.17108  0.87  0  -1.21406  
2.76  2.4012  0  9.15894  0.87  0  -1.21406  
2.77  2.4099  0  9.1468  0.87  0  -1.21406  
2.78  2.4186  0  9.13466  0.87  0  -1.21406  
2.79  2.4273  0  9.12251  0.87  0  -1.21406  
2.8  2.436  0  9.11037  0.87  0  -1.21406  
2.81  2.4447  0  9.09823  0.87  0  -1.21406  
2.82  2.4534  0  9.08609  0.87  0  -1.21406  
2.83  2.4621  0  9.07395  0.87  0  -1.21406  
2.84  2.4708  0  9.06181  0.87  0  -1.21406  
2.85  2.4795  0  9.04967  0.87  0  -1.21406  
2.86  2.4882  0  9.03753  0.87  0  -1.21406  
2.87  2.4969  0  9.02539  0.87  0  -1.21406  
2.88  2.5056  0  9.01325  0.87  0  -1.21406  
2.89  2.5143  0  9.00111  0.87  0  -1.21406  
2.9  2.523  0  8.98897  0.87  0  -1.21406  
2.91  2.5317  0  8.97683  0.87  0  -1.21406  
2.92  2.5404  0  8.96469  0.87  0  -1.21406  
2.93  2.5491  0  8.95255  0.87  0  -1.21406  
2.94  2.5578  0  8.94041  0.87  0  -1.21406  
2.95  2.5665  0  8.92827  0.87  0  -1.21406  
2.96  2.5752  0  8.91612  0.87  0  -1.21406  
2.97  2.5839  0  8.90398  0.87  0  -1.21406  
2.98  2.5926  0  8.89184  0.87  0  -1.21406  
2.99  2.6013  0  8.8797  0.87  0  -1.21406  
3  2.61  0  8.86756  0.87  0  -1.21406  
3.01  2.6187  0  8.85542  0.87  0  -1.21406  
3.02  2.6274  0  8.84328  0.87  0  -1.21406  
3.03  2.6361  0  8.83114  0.87  0  -1.21406  
3.04  2.6448  0  8.819  0.87  0  -1.21406  
3.05  2.6535  0  8.80686  0.87  0  -1.21406  
3.06  2.6622  0  8.79472  0.87  0  -1.21406  
3.07  2.6709  0  8.78258  0.87  0  -1.21406  
3.08  2.6796  0  8.77044  0.87  0  -1.21406  
3.09  2.6883  0  8.7583  0.87  0  -1.21406  
3.1  2.697  0  8.74616  0.87  0  -1.21406  
3.11  2.7057  0  8.73402  0.87  0  -1.21406  
3.12  2.7144  0  8.72187  0.87  0  -1.21406  
3.13  2.7231  0  8.70973  0.87  0  -1.21406  
3.14  2.7318  0  8.69759  0.87  0  -1.21406  
3.15  2.7405  0  8.68545  0.87  0  -1.21406  
3.16  2.7492  0  8.67331  0.87  0  -1.21406  
3.17  2.7579  0  8.66117  0.87  0  -1.21406  
3.18  2.7666  0  8.64903  0.87  0  -1.21406  
3.19  2.7753  0  8.63689  0.87  0  -1.21406  
3.2  2.784  0  8.62475  0.87  0  -1.21406  
3.21  2.7927  0  8.61261  0.87  0  -1.21406  
3.22  2.8014  0  8.60047  0.87  0  -1.21406  
3.23  2.8101  0  8.58833  0.87  0  -1.21406  
3.24  2.8188  0  8.57619  0.87  0  -1.21406  
3.25  2.8275  0  8.56405  0.87  0  -1.21406  
3.26  2.8362  0  8.55191  0.87  0  -1.21406  
3.27  2.8449  0  8.53977  0.87  0  -1.21406  
3.28  2.8536  0  8.52762  0.87  0  -1.21406  
3.29  2.8623  0  8.51548  0.87  0  -1.21406  
3.3  2.871  0  8.50334  0.87  0  -1.21406  
3.31  2.8797  0  8.4912  0.87  0  -1.21406  
3.32  2.8884  0  8.47906  0.87  0  -1.21406  
3.33  2.8971  0  8.46692  0.87  0  -1.21406  
3.34  2.9058  0  8.45478  0.87  0  -1.21406  
3.35  2.9145  0  8.44264  0.87  0  -1.21406  
3.36  2.9232  0  8.4305  0.87  0  -1.21406  
3.37  2.9319  0  8.41836  0.87  0  -1.21406  
3.38  2.9406  0  8.40622  0.87  0  -1.21406  
3.39  2.9493  0  8.39408  0.87  0  -1.21406  
3.4  2.958  0  8.38194  0.87  0  -1.21406  
3.41  2.9667  0  8.3698  0.87  0  -1.21406  
3.42  2.9754  0  8.35766  0.87  0  -1.21406  
3.43  2.9841  0  8.34552  0.87  0  -1.21406  
3.44  2.9928  0  8.33338  0.87  0  -1.21406  
3.45  3.0015  0  8.32123  0.87  0  -1.21406  
3.46  3.0102  0  8.30909  0.87  0  -1.21406  
3.47  3.0189  0  8.29695  0.87  0  -1.21406  
3.48  3.0276  0  8.28481  0.87  0  -1.21406  
3.49  3.0363  0  8.27267  0.87  0  -1.21406  
3.5  3.045  0  8.26053  0.87  0  -1.21406  
3.51  3.05349  0  8.24839  0.849003  0  -1.21406  
3.52  3.06155  0  8.23625  0.805839  0  -1.21406  
3.53  3.06897  0  8.22411  0.741842  0  -1.21406  
3.54  3.07556  0  8.21197  0.658886  0  -1.21406  
3.55  3.08115  0  8.19983  0.559326  0  -1.21406  
3.56  3.08561  0  8.18769  0.445933  0  -1.21406  
3.57  3.08883  0  8.17555  0.321818  0  -1.21406  
3.58  3.09073  0  8.16341  0.190345  0  -1.21406  
3.59  3.09128  0  8.15127  0.0550433  0  -1.21406  
3.6  3.09048  0  8.13913  -0.0804904  0  -1.21406  
3.61  3.08835  0  8.12698  -0.212685  0  -1.21406  
3.62  3.08497  0  8.11484  -0.338088  0  -1.21406  
3.63  3.08043  0  8.1027  -0.453461  0  -1.21406  
3.64  3.07487  0  8.09056  -0.555853  0  -1.21406  
3.65  3.06845  0  8.07842  -0.642687  0  -1.21406  
3.66  3.06133  0  8.06628  -0.711815  0  -1.21406  
3.67  3.05371  0  8.05414  -0.761577  0  -1.21406  
3.68  3.04581  0  8.042  -0.790835  0  -1.21406  
3.69  3.03782  0  8.02986  -0.799006  0  -1.21406  
3.7  3.02983  0  8.01772  -0.799006  0  -1.21406  
3.71  3.02184  0  8.00558  -0.799006  0  -1.21406  
3.72  3.01385  0  7.99344  -0.799006  0  -1.21406  
3.73  3.00586  0  7.9813  -0.799006  0  -1.21406  
3.74  2.99787  0  7.96916  -0.799006  0  -1.21406  
3.75  2.98988  0  7.95702  -0.799006  0  -1.21406  
3.76  2.98188  0  7.94488  -0.799006  0  -1.21406  
3.77  2.97389  0  7.93273  -0.799006  0  -1.21406  
3.78  2.9659  0  7.92059  -0.799006  0  -1.21406  
3.79  2.95791  0  7.90845  -0.799006  0  -1.21406  
3.8  2.94992  0  7.89631  -0.799006  0  -1.21406  
3.81  2.94193  0  7.88417  -0.799006  0  -1.21406  
3.82  2.93394  0  7.87203  -0.799006  0  -1.21406  
3.83  2.92595  0  7.85989  -0.799006  0  -1.21406  
3.84  2.91796  0  7.84775  -0.799006  0  -1.21406  
3.85  2.90997  0  7.83561  -0.799006  0  -1.21406  
3.86  2.90198  0  7.82347  -0.799006  0  -1.21406  
3.87  2.89399  0  7.81133  -0.799006  0  -1.21406  
3.88  2.886  0  7.79919  -0.799006  0  -1.21406  
3.89  2.87801  0  7.78705  -0.799006  0  -1.21406  
3.9  2.87002  0  7.77491  -0.799006  0  -1.21406  
3.91  2.86203  0  7.76277  -0.799006  0  -1.21406  
3.92  2.85404  0  7.75063  -0.799006  0  -1.21406  
3.93  2.84605  0  7.73848  -0.799006  0  -1.21406  
3.94  2.83806  0  7.72634  -0.799006  0  -1.21406  
3.95  2.83007  0  7.7142  -0.799006  0  -1.21406  
3.96  2.82208  0  7.70206  -0.799006  0  -1.21406  
3.97  2.81409  0  7.68992  -0.799006  0  -1.21406  
3.98  2.8061  0  7.67778  -0.799006  0  -1.21406  
3.99  2.79811  0  7.66564  -0.799006  0  -1.21406  
4  2.79012  0  7.6535  -0.799006  0  -1.21406  
4.01  2.78213  0  7.64136  -0.799006  0  -1.21406  
4.02  2.77414  0  7.62922  -0.799006  0  -1.21406  
4.03  2.76615  0  7.61708  -0.799006  0  -1.21406  
4.04  2.75816  0  7.60494  -0.799006  0  -1.21406  
4.05  2.75017  0  7.5928  -0.799006  0  -1.21406  
4.06  2.74218  0  7.58066  -0.799006  0  -1.21406  
4.07  2.73419  0  7.56852  -0.799006  0  -1.21406  
4.08  2.7262  0  7.55638  -0.799006  0  -1.21406  
4.09  2.71821  0  7.54424  -0.799006  0  -1.21406  
4.1  2.71022  0  7.53209  -0.799006  0  -1.21406  
4.11  2.70223  0  7.51995  -0.799006  0  -1.21406  
4.12  2.69424  0  7.50781  -0.799006  0  -1.21406  
4.13  2.68625  0  7.49567  -0.799006  0  -1.21406  
4.14  2.67826  0  7.48353  -0.799006  0  -1.21406  
4.15  2.67027  0  7.47139  -0.799006  0  -1.21406  
4.16  2.66228  0  7.45925  -0.799006  0  -1.21406  
4.17  2.65429  0  7.44711  -0.799006  0  -1.21406  
4.18  2.6463  0  7.43497  -0.799006  0  -1.21406  
4.19  2.63831  0  7.42283  -0.799006  0  -1.21406  
4.2  2.63032  0  7.41069  -0.799006  0  -1.21406  
4.21  2.62233  0  7.39855  -0.799006  0  -1.21406  
4.22  2.61434  0  7.38641  -0.799006  0  -1.21406  
4.23  2.60635  0  7.37427  -0.799006  0  -1.21406  
4.24  2.59836  0  7.36213  -0.799006  0  -1.21406  
4.25  2.59037  0  7.34999  -0.799006  0  -1.21406  
4.26  2.58238  0  7.33784  -0.799006  0  -1.21406  
4.27  2.57439  0  7.3257  -0.799006  0  -1.21406  
4.28  2.5664  0  7.31356  -0.799006  0  -1.21406  
4.29  2.55841  0  7.30142  -0.799006  0  -1.21406  
4.3  2.55042  0  7.28928  -0.799006  0  -1.21406  
4.31  2.54243  0  7.27714  -0.799006  0  -1.21406  
4.32  2.53444  0  7.265  -0.799006  0  -1.21406  
4.33  2.52645  0  7.25286  -0.799006  0  -1.21406  
4.34  2.51846  0  7.24072  -0.799006  0  -1.21406  
4.35  2.51047  0  7.22858  -0.799006  0  -1.21406  
4.36  2.50248  0  7.21644  -0.799006  0  -1.21406  
4.37  2.49449  0  7.2043  -0.799006  0  -1.21406  
4.38  2.4865  0  7.19216  -0.799006  0  -1.21406  
4.39  2.47851  0  7.18002  -0.799006  0  -1.21406  
4.4  2.47052  0  7.16788  -0.799006  0  -1.21406  
4.41  2.46253  0  7.15574  -0.799006  0  -1.21406  
4.42  2.45454  0  7.14359  -0.799006  0  -1.21406  
4.43  2.44655  0  7.13145  -0.799006  0  -1.21406  
4.44  2.43856  0  7.11931  -0.799006  0  -1.21406  
4.45  2.43057  0  7.10717  -0.799006  0  -1.21406  
4.46  2.42258  0  7.09503  -0.799006  0  -1.21406  
4.47  2.41459  0  7.08289  -0.799006  0  -1.21406  
4.48  2.4066  0  7.07075  -0.799006  0  -1.21406  
4.49  2.39861  0  7.05861  -0.799006  0  -1.21406  
4.5  2.39062  0  7.04647  -0.799006  0  -1.21406  
4.51  2.38263  0  7.03433  -0.799006  0  -1.21406  
4.52  2.37464  0  7.02219  -0.799006  0  -1.21406  
4.53  2.36665  0  7.01005  -0.799006  0  -1.21406  
4.54  2.35866  0  6.99791  -0.799006  0  -1.21406  
4.55  2.35067  0  6.98577  -0.799006  0  -1.21406  
4.56  2.34268  0  6.97363  -0.799006  0  -1.21406  
4.57  2.33469  0  6.96149  -0.799006  0  -1.21406  
4.58  2.3267  0  6.94935  -0.799006  0  -1.21406  
4.59  2.31871  0  6.9372  -0.799006  0  -1.21406  
4.6  2.31072  0  6.92506  -0.799006  0  -1.21406  
4.61  2.30273  0  6.91292  -0.799006  0  -1.21406  
4.62  2.29474  0  6.90078  -0.799006  0  -1.21406  
4.63  2.28675  0  6.88864  -0.799006  0  -1.21406  
4.64  2.27876  0  6.8765  -0.799006  0  -1.21406  
4.65  2.27077  0  6.86436  -0.799006  0  -1.21406  
4.66  2.26278  0  6.85222  -0.799006  0  -1.21406  
4.67  2.25479  0  6.84008  -0.799006  0  -1.21406  
4.68  2.2468  0  6.82794  -0.799006  0  -1.21406  
4.69  2.23881  0  6.8158  -0.799006  0  -1.21406  
4.7  2.23082  0  6.80366  -0.799006  0  -1.21406  
4.71  2.22283  0  6.79152  -0.799006  0  -1.21406  
4.72  2.21484  0  6.77938  -0.799006  0  -1.21406  
4.73  2.20685  0  6.76724  -0.799006  0  -1.21406  
4.74  2.19886  0  6.7551  -0.799006  0  -1.21406  
4.75  2.19087  0  6.74295  -0.799006  0  -1.21406  
4.76  2.18288  0  6.73081  -0.799006  0  -1.21406  
4.77  2.17489  0  6.71867  -0.799006  0  -1.21406  
4.78  2.1669  0  6.70653  -0.799006  0  -1.21406  
4.79  2.15891  0  6.69439  -0.799006  0  -1.21406  
4.8  2.15092  0  6.68225  -0.799006  0  -1.21406  
4.81  2.14293  0  6.67011  -0.799006  0  -1.21406  
4.82  2.13494  0  6.65797  -0.799006  0  -1.21406  
4.83  2.12695  0  6.64583  -0.799006  0  -1.21406  
4.84  2.11896  0  6.63369  -0.799006  0  -1.21406  
4.85  2.11097  0  6.62155  -0.799006  0  -1.21406  
4.86  2.10298  0  6.60941  -0.799006  0  -1.21406  
4.87  2.09499  0  6.59727  -0.799006  0  -1.21406  
4.88  2.087  0  6.58513  -0.799006  0  -1.21406  
4.89  2.07901  0  6.57299  -0.799006  0  -1.21406  
4.9  2.07102  0  6.56085  -0.799006  0  -1.21406  
4.91  2.06303  0  6.5487  -0.799006  0  -1.21406  
4.92  2.05504  0  6.53656  -0.799006  0  -1.21406  
4.93  2.04705  0  6.52442  -0.799006  0  -1.21406  
4.94  2.03906  0  6.51228  -0.799006  0  -1.21406  
4.95  2.03107  0  6.50014  -0.799006  0  -1.21406  
4.96  2.02308  0  6.488  -0.799006  0  -1.21406  
4.97  2.01509  0  6.47586  -0.799006  0  -1.21406  
4.98  2.0071  0  6.46372  -0.799006  0  -1.21406  
4.99  1.99911  0  6.45158  -0.799006  0  -1.21406  
5  1.99112  0  6.43944  -0.799006  0  -1.21406  
5.01  1.98313  0  6.4273  -0.799006  0  -1.21406  
5.02  1.97514  0  6.41516  -0.799006  0  -1.21406  
5.03  1.96715  0  6.40302  -0.799006  0  -1.21406  
5.04  1.95916  0  6.39088  -0.799006  0  -1.21406  
5.05  1.95117  0  6.37874  -0.799006  0  -1.21406  
5.06  1.94318  0  6.3666  -0.799006  0  -1.21406  
5.07  1.93519  0  6.35446  -0.799006  0  -1.21406  
5.08  1.9272  0  6.34231  -0.799006  0  -1.21406  
5.09  1.91921  0  6.33017  -0.799006  0  -1.21406  
5.1  1.91122  0  6.31803  -0.799006  0  -1.21406  
5.11  1.90323  0  6.30589  -0.799006  0  -1.21406  
5.12  1.89524  0  6.29375  -0.799006  0  -1.21406  
5.13  1.88725  0  6.28161  -0.799006  0  -1.21406  
5.14  1.87926  0  6.26947  -0.799006  0  -1.21406  
5.15  1.87127  0  6.25733  -0.799006  0  -1.21406  
5.16  1.86328  0  6.24519  -0.799006  0  -1.21406  
5.17  1.85529  0  6.23305  -0.799006  0  -1.21406  
5.18  1.8473  0  6.22091  -0.799006  0  -1.21406  
5.19  1.83931  0  6.20877  -0.799006  0  -1.21406  
5.2  1.83132  0  6.19663  -0.799006  0  -1.21406  
5.21  1.82333  0  6.18449  -0.799006  0  -1.21406  
5.22  1.81534  0  6.17235  -0.799006  0  -1.21406  
5.23  1.80735  0  6.16021  -0.799006  0  -1.21406  
5.24  1.79936  0  6.14806  -0.799006  0  -1.21406  
5.25  1.79137  0  6.13592  -0.799006  0  -1.21406  
5.26  1.78338  0  6.12378  -0.799006  0  -1.21406  
5.27  1.77539  0  6.11164  -0.799006  0  -1.21406  
5.28  1.7674  0  6.0995  -0.799006  0  -1.21406  
5.29  1.75941  0  6.08736  -0.799006  0  -1.21406  
5.3  1.75142  0  6.07522  -0.799006  0  -1.21406  
5.31  1.74343  0  6.06308  -0.799006  0  -1.21406  
5.32  1.73544  0  6.05094  -0.799006  0  -1.21406  
5.33  1.72745  0  6.0388  -0.799006  0  -1.21406  
5.34  1.71946  0  6.02666  -0.799006  0  -1.21406  
5.35  1.71147  0  6.01452  -0.799006  0  -1.21406  
5.36  1.70348  0  6.00238  -0.799006  0  -1.21406  
5.37  1.69549  0  5.99024  -0.799006  0  -1.21406  
5.38  1.6875  0  5.9781  -0.799006  0  -1.21406  
5.39  1.67951  0  5.96596  -0.799006  0  -1.21406  
5.4  1.67152  0  5.95381  -0.799006  0  -1.21406  
5.41  1.66353  0  5.94167  -0.799006  0  -1.21406  
5.42  1.65554  0  5.92953  -0.799006  0  -1.21406  
5.43  1.64755  0  5.91739  -0.799006  0  -1.21406  
5.44  1.63956  0  5.90525  -0.799006  0  -1.21406  
5.45  1.63157  0  5.89311  -0.799006  0  -1.21406  
5.46  1.62358  0  5.88097  -0.799006  0  -1.21406  
5.47  1.61559  0  5.86883  -0.799006  0  -1.21406  
5.48  1.6076  0  5.85669  -0.799006  0  -1.21406  
5.49  1.59961  0  5.84455  -0.799006  0  -1.21406  
5.5  1.59162  0  5.83241  -0.799006  0  -1.21406  
5.51  1.58363  0  5.82027  -0.799006  0  -1.21406  
5.52  1.57564  0  5.80813  -0.799006  0  -1.21406  
5.53  1.56765  0  5.79599  -0.799006  0  -1.21406  
5.54  1.55966  0  5.78385  -0.799006  0  -1.21406  
5.55  1.55167  0  5.77171  -0.799006  0  -1.21406  
5.56  1.54368  0  5.75956  -0.799006  0  -1.21406  
5.57  1.53568  0  5.74742  -0.799006  0  -1.21406  
5.58  1.52769  0  5.73528  -0.799006  0  -1.21406  
5.59  1.5197  0  5.72314  -0.799006  0  -1.21406  
5.6  1.51171  0  5.711  -0.799006  0  -1.21406  
5.61  1.50372  0  5.69886  -0.799006  0  -1.21406  
5.62  1.49573  0  5.68672  -0.799006  0  -1.21406  
5.63  1.48774  0  5.67458  -0.799006  0  -1.21406  
5.64  1.47975  0  5.66244  -0.799006  0  -1.21406  
5.65  1.47176  0  5.6503  -0.799006  0  -1.21406  
5.66  1.46377  0  5.63816  -0.799006  0  -1.21406  
5.67  1.45578  0  5.62602  -0.799006  0  -1.21406  
5.68  1.44779  0  5.61388  -0.799006  0  -1.21406  
5.69  1.4398  0  5.60174  -0.799006  0  -1.21406  
5.7  1.43181  0  5.5896  -0.799006  0  -1.21406  
5.71  1.42382  0  5.57746  -0.799006  0  -1.21406  
5.72  1.41583  0  5.56532  -0.799006  0  -1.21406  
5.73  1.40784  0  5.55317  -0.799006  0  -1.21406  
5.74  1.39985  0  5.54103  -0.799006  0  -1.21406  
5.75  1.39186  0  5.52889  -0.799006  0  -1.21406  
5.76  1.38387  0  5.51675  -0.799006  0  -1.21406  
5.77  1.37588  0  5.50461  -0.799006  0  -1.21406  
5.78  1.36789  0  5.49247  -0.799006  0  -1.21406  
5.79  1.3599  0  5.48033  -0.799006  0  -1.21406  
5.8  1.35191  0  5.46819  -0.799006  0  -1.21406  
5.81  1.34392  0  5.45605  -0.799006  0  -1.21406  
5.82  1.33593  0  5.44391  -0.799006  0  -1.21406  
5.83  1.32794  0  5.43177  -0.799006  0  -1.21406  
5.84  1.31995  0  5.41963  -0.799006  0  -1.21406  
5.85  1.31196  0  5.40749  -0.799006  0  -1.21406  
5.86  1.30397  0  5.39535  -0.799006  0  -1.21406  
5.87  1.29598  0  5.38321  -0.799006  0  -1.21406  
5.88  1.28799  0  5.37107  -0.799006  0  -1.21406  
5.89  1.28  0  5.35892  -0.799006  0  -1.21406  
5.9  1.27201  0  5.34678  -0.799006  0  -1.21406  
5.91  1.26402  0  5.33464  -0.799006  0  -1.21406  
5.92  1.25603  0  5.3225  -0.799006  0  -1.21406  
5.93  1.24804  0  5.31036  -0.799006  0  -1.21406  
5.94  1.24005  0  5.29822  -0.799006  0  -1.21406  
5.95  1.23206  0  5.28608  -0.799006  0  -1.21406  
5.96  1.22407  0  5.27394  -0.799006  0  -1.21406  
5.97  1.21608  0  5.2618  -0.799006  0  -1.21406  
5.98  1.20809  0  5.24966  -0.799006  0  -1.21406  
5.99  1.2001  0  5.23752  -0.799006  0  -1.21406  
6  1.19211  0  5.22538  -0.799006  0  -1.21406  
6.01  1.18412  0  5.21324  -0.799006  0  -1.21406  
6.02  1.17613  0  5.2011  -0.799006  0  -1.21406  
6.03  1.16814  0  5.18896  -0.799006  0  -1.21406  
6.04  1.16015  0  5.17682  -0.799006  0  -1.21406  
6.05  1.15216  0  5.16467  -0.799006  0  -1.21406  
6.06  1.14417  0  5.15253  -0.799006  0  -1.21406  
6.07  1.13618  0  5.14039  -0.799006  0  -1.21406  
6.08  1.12819  0  5.12825  -0.799006  0  -1.21406  
6.09  1.1202  0  5.11611  -0.799006  0  -1.21406  
6.1  1.11221  0  5.10397  -0.799006  0  -1.21406  
6.11  1.10422  0  5.09183  -0.799006  0  -1.21406  
6.12  1.09623  0  5.07969  -0.799006  0  -1.21406  
6.13  1.08824  0  5.06755  -0.799006  0  -1.21406  
6.14  1.08025  0  5.05541  -0.799006  0  -1.21406  
6.15  1.07226  0  5.04327  -0.799006  0  -1.21406  
6.16  1.06427  0  5.03113  -0.799006  0  -1.21406  
6.17  1.05628  0  5.01899  -0.799006  0  -1.21406  
6.18  1.04829  0  5.00685  -0.799006  0  -1.21406  
6.19  1.0403  0  4.99471  -0.799006  0  -1.21406  
6.2  1.03231  0  4.98257  -0.799006  0  -1.21406  
6.21  1.02432  0  4.97043  -0.799006  0  -1.21406  
6.22  1.01633  0  4.95828  -0.799006  0  -1.21406  
6.23  1.00834  0  4.94614  -0.799006  0  -1.21406  
6.24  1.00035  0  4.934  -0.799006  0  -1.21406  
6.25  0.992361  0  4.92186  -0.799006  0  -1.21406  
6.26  0.984371  0  4.90972  -0.799006  0  -1.21406  
6.27  0.976381  0  4.89758  -0.799006  0  -1.21406  
6.28  0.968391  0  4.88544  -0.799006  0  -1.21406  
6.29  0.960401  0  4.8733  -0.799006  0  -1.21406  
6.3  0.952411  0  4.86116  -0.799006  0  -1.21406  
6.31  0.944421  0  4.84902  -0.799006  0  -1.21406  
6.32  0.936431  0  4.83688  -0.799006  0  -1.21406  
6.33  0.928441  0  4.82474  -0.799006  0  -1.21406  
6.34  0.920451  0  4.8126  -0.799006  0  -1.21406  
6.35  0.912461  0  4.80046  -0.799006  0  -1.21406  
6.36  0.904471  0  4.78832  -0.799006  0  -1.21406  
6.37  0.896481  0  4.77618  -0.799006  0  -1.21406  
6.38  0.88849  0  4.76403  -0.799006  0  -1.21406  
6.39  0.8805  0  4.75189  -0.799006  0  -1.21406  
6.4  0.87251  0  4.73975  -0.799006  0  -1.21406  
6.41  0.86452  0  4.72761  -0.799006  0  -1.21406  
6.42  0.85653  0  4.71547  -0.799006  0  -1.21406  
6.43  0.84854  0  4.70333  -0.799006  0  -1.21406  
6.44  0.84055  0  4.69119  -0.799006  0  -1.21406  
6.45  0.83256  0  4.67905  -0.799006  0  -1.21406  
6.46  0.82457  0  4.66691  -0.799006  0  -1.21406  
6.47  0.81658  0  4.65477  -0.799006  0  -1.21406  
6.48  0.80859  0  4.64263  -0.799006  0  -1.21406  
6.49  0.8006  0  4.63049  -0.799006  0  -1.21406  
6.5  0.79261  0  4.61835  -0.799006  0  -1.21406  
6.51  0.78462  0  4.60621  -0.799006  0  -1.21406  
6.52  0.77663  0  4.59407  -0.799006  0  -1.21406  
6.53  0.76864  0  4.58193  -0.799006  0  -1.21406  
6.54  0.76065  0  4.56978  -0.799006  0  -1.21406  
6.55  0.75266  0  4.55764  -0.799006  0  -1.21406  
6.56  0.744669  0  4.5455  -0.799006  0  -1.21406  
6.57  0.736679  0  4.53336  -0.799006  0  -1.21406  
6.58  0.728689  0  4.52122  -0.799006  0  -1.21406  
6.59  0.720699  0  4.50908  -0.799006  0  -1.21406  
6.6  0.712709  0  4.49694  -0.799006  0  -1.21406  
6.61  0.704719  0  4.4848  -0.799006  0  -1.21406  
6.62  0.696729  0  4.47266  -0.799006  0  -1.21406  
6.63  0.688739  0  4.46052  -0.799006  0  -1.21406  
6.64  0.680749  0  4.44838  -0.799006  0  -1.21406  
6.65  0.672759  0  4.43624  -0.799006  0  -1.21406  
6.66  0.664769  0  4.4241  -0.799006  0  -1.21406  
6.67  0.656779  0  4.41196  -0.799006  0  -1.21406  
6.68  0.648789  0  4.39982  -0.799006  0  -1.21406  
6.69  0.640799  0  4.38768  -0.799006  0  -1.21406  
6.7  0.632809  0  4.37554  -0.799006  0  -1.21406  
6.71  0.624819  0  4.36339  -0.799006  0  -1.21406  
6.72  0.616829  0  4.35125  -0.799006  0  -1.21406  
6.73  0.608839  0  4.33911  -0.799006  0  -1.21406  
6.74  0.600848  0  4.32697  -0.799006  0  -1.21406  
6.75  0.592858  0  4.31483  -0.799006  0  -1.21406  
6.76  0.584868  0  4.30269  -0.799006  0  -1.21406  
6.77  0.576878  0  4.29055  -0.799006  0  -1.21406  
6.78  0.568888  0  4.27841  -0.799006  0  -1.21406  
6.79  0.560898  0  4.26627  -0.799006  0  -1.21406  
6.8  0.552908  0  4.25413  -0.799006  0  -1.21406  
6.81  0.544918  0  4.24199  -0.799006  0  -1.21406  
6.82  0.536928  0  4.22985  -0.799006  0  -1.21406  
6.83  0.528938  0  4.21771  -0.799006  0  -1.21406  
6.84  0.520948  0  4.20557  -0.799006  0  -1.21406  
6.85  0.512958  0  4.19343  -0.799006  0  -1.21406  
6.86  0.504968  0  4.18129  -0.799006  0  -1.21406  
6.87  0.496978  0  4.16914  -0.799006  0  -1.21406  
6.88  0.488988  0  4.157  -0.799006  0  -1.21406  
6.89  0.480998  0  4.14486  -0.799006  0  -1.21406  
6.9  0.473008  0  4.13272  -0.799006  0  -1.21406  
6.91  0.465018  0  4.12058  -0.799006  0  -1.21406  
6.92  0.457027  0  4.10844  -0.799006  0  -1.21406  
6.93  0.449037  0  4.0963  -0.799006  0  -1.21406  
6.94  0.441047  0  4.08416  -0.799006  0  -1.21406  
6.95  0.433057  0  4.07202  -0.799006  0  -1.21406  
6.96  0.425067  0  4.05988  -0.799006  0  -1.21406  
6.97  0.417077  0  4.04774  -0.799006  0  -1.21406  
6.98  0.409087  0  4.0356  -0.799006  0  -1.21406  
6.99  0.401097  0  4.02346  -0.799006  0  -1.21406  
7  0.393107  0  4.01132  -0.799006  0  -1.21406  
7.01  0.385117  0  3.99918  -0.799006  0  -1.21406  
7.02  0.377127  0  3.98704  -0.799006  0  -1.21406  
7.03  0.369137  0  3.97489  -0.799006  0  -1.21406  
7.04  0.361147  0  3.96275  -0.799006  0  -1.21406  
7.05  0.353157  0  3.95061  -0.799006  0  -1.21406  
7.06  0.345167  0  3.93847  -0.799006  0  -1.21406  
7.07  0.337177  0  3.92633  -0.799006  0  -1.21406  
7.08  0.329187  0  3.91419  -0.799006  0  -1.21406  
7.09  0.321197  0  3.90205  -0.799006  0  -1.21406  
7.1  0.313206  0  3.88991  -0.799006  0  -1.21406  
7.11  0.305216  0  3.87777  -0.799006  0  -1.21406  
7.12  0.297226  0  3.86563  -0.799006  0  -1.21406  
7.13  0.289236  0  3.85349  -0.799006  0  -1.21406  
7.14  0.281246  0  3.84135  -0.799006  0  -1.21406  
7.15  0.273256  0  3.82921  -0.799006  0  -1.21406  
7.16  0.265266  0  3.81707  -0.799006  0  -1.21406  
7.17  0.257276  0  3.80493  -0.799006  0  -1.21406  
7.18  0.249286  0  3.79279  -0.799006  0  -1.21406  
7.19  0.241296  0  3.78064  -0.799006  0  -1.21406  
7.2  0.233306  0  3.7685  -0.799006  0  -1.21406  
7.21  0.225316  0  3.75636  -0.799006  0  -1.21406  
7.22  0.217326  0  3.74422  -0.799006  0  -1.21406  
7.23  0.209336  0  3.73208  -0.799006  0  -1.21406  
7.24  0.201346  0  3.71994  -0.799006  0  -1.21406  
7.25  0.193356  0  3.7078  -0.799006  0  -1.21406  
7.26  0.185366  0  3.69566  -0.799006  0  -1.21406  
7.27  0.177376  0  3.68352  -0.799006  0  -1.21406  
7.28  0.169385  0  3.67138  -0.799006  0  -1.21406  
7.29  0.161395  0  3.65924  -0.799006  0  -1.21406  
7.3  0.153405  0  3.6471  -0.799006  0  -1.21406  
7.31  0.145415  0  3.63496  -0.799006  0  -1.21406  
7.32  0.137425  0  3.62282  -0.799006  0  -1.21406  
7.33  0.129435  0  3.61068  -0.799006  0  -1.21406  
7.34  0.121445  0  3.59854  -0.799006  0  -1.21406  
7.35  0.113455  0  3.5864  -0.799006  0  -1.21406  
7.36  0.105465  0  3.57425  -0.799006  0  -1.21406  
7.37  0.097475  0  3.56211  -0.799006  0  -1.21406  
7.38  0.0894849  0  3.54997  -0.799006  0  -1.21406  
7.39  0.0814949  0  3.53783  -0.799006  0  -1.21406  
7.4  0.0735048  0  3.52569  -0.799006  0  -1.21406  
7.41  0.0655148  0  3.51355  -0.799006  0  -1.21406  
7.42  0.0575247  0  3.50141  -0.799006  0  -1.21406  
7.43  0.0495346  0  3.48927  -0.799006  0  -1.21406  
7.44  0.0415446  0  3.47713  -0.799006  0  -1.21406  
7.45  0.0335545  0  3.46499  -0.799006  0  -1.21406  
7.46  0.0255645  0  3.45285  -0.799006  0  -1.21406  
7.47  0.0175744  0  3.44071  -0.799006  0  -1.21406  
7.48  0.00958437  0  3.42857  -0.799006  0  -1.21406  
7.49  0.00159431  0  3.41643  -0.799006  0  -1.21406  
7.5  -0.00639574  0  3.40429  -0.799006  0  -1.21406  
7.51  -0.0143858  0  3.39215  -0.799006  0  -1.21406  
7.52  -0.0223759  0  3.38  -0.799006  0  -1.21406  
7.53  -0.0303659  0  3.36786  -0.799006  0  -1.21406  
7.54  -0.038356  0  3.35572  -0.799006  0  -1.21406  
7.55  -0.046346  0  3.34358  -0.799006  0  -1.21406  
7.56  -0.0543361  0  3.33144  -0.799006  0  -1.21406  
7.57  -0.0623261  0  3.3193  -0.799006  0  -1.21406  
7.58  -0.0703162  0  3.30716  -0.799006  0  -1.21406  
7.59  -0.0783062  0  3.29502  -0.799006  0  -1.21406  
7.6  -0.0862963  0  3.28288  -0.799006  0  -1.21406  
7.61  -0.0942864  0  3.27074  -0.799006  0  -1.21406  
7.62  -0.102276  0  3.2586  -0.799006  0  -1.21406  
7.63  -0.110266  0  3.24646  -0.799006  0  -1.21406  
7.64  -0.118257  0  3.23432  -0.799006  0  -1.21406  
7.65  -0.126247  0  3.22218  -0.799006  0  -1.21406  
7.66  -0.134237  0  3.21004  -0.799006  0  -1.21406  
7.67  -0.142227  0  3.1979  -0.799006  0  -1.21406  
7.68  -0.150217  0  3.18575  -0.799006  0  -1.21406  
7.69  -0.158207  0  3.17361  -0.799006  0  -1.21406  
7.7  -0.166197  0  3.16147  -0.799006  0  -1.21406  
7.71  -0.174187  0  3.14933  -0.799006  0  -1.21406  
7.72  -0.182177  0  3.13719  -0.799006  0  -1.21406  
7.73  -0.190167  0  3.12505  -0.799006  0  -1.21406  
7.74  -0.198157  0  3.11291  -0.799006  0  -1.21406  
7.75  -0.206147  0  3.10077  -0.799006  0  -1.21406  
7.76  -0.214137  0  3.08863  -0.799006  0  -1.21406  
7.77  -0.222127  0  3.07649  -0.799006  0  -1.21406  
7.78  -0.230117  0  3.06435  -0.799006  0  -1.21406  
7.79  -0.238107  0  3.05221  -0.799006  0  -1.21406  
7.8  -0.246097  0  3.04007  -0.799006  0  -1.21406  
7.81  -0.254087  0  3.02793  -0.799006  0  -1.21406  
7.82  -0.262078  0  3.01579  -0.799006  0  -1.21406  
7.83  -0.270068  0  3.00365  -0.799006  0  -1.21406  
7.84  -0.278058  0  2.99151  -0.799006  0  -1.21406  
7.85  -0.286048  0  2.97936  -0.799006  0  -1.21406  
7.86  -0.294038  0  2.96722  -0.799006  0  -1.21406  
7.87  -0.302028  0  2.95508  -0.799006  0  -1.21406  
7.88  -0.310018  0  2.94294  -0.799006  0  -1.21406  
7.89  -0.318008  0  2.9308  -0.799006  0  -1.21406  
7.9  -0.325998  0  2.91866  -0.799006  0  -1.21406  
7.91  -0.333988  0  2.90652  -0.799006  0  -1.21406  
7.92  -0.341978  0  2.89438  -0.799006  0  -1.21406  
7.93  -0.349844  0  2.88224  -0.786606  0  -1.21406  
7.94  -0.35738  0  2.8701  -0.753603  0  -1.21406  
7.95  -0.364391  0  2.85796  -0.701053  0  -1.21406  
7.96  -0.370696  0  2.84582  -0.630515  0  -1.21406  
7.97  -0.376136  0  2.83368  -0.544008  0  -1.21406  
7.98  -0.380575  0  2.82154  -0.443954  0  -1.21406  
7.99  -0.383907  0  2.8094  -0.33311  0  -1.21406  
8  -0.386051  0  2.79726  -0.214491  0  -1.21406  
8.01  -0.386964  0  2.78511  -0.0912917  0  -1.21406  
8.02  -0.386632  0  2.77297  0.0332027  0  -1.21406  
8.03  -0.385075  0  2.76083  0.155702  0  -1.21406  
8.04  -0.382345  0  2.74869  0.272999  0  -1.21406  
8.05  -0.378525  0  2.73655  0.382052  0  -1.21406  
8.06  -0.373724  0  2.72441  0.480062  0  -1.21406  
8.07  -0.368079  0  2.71227  0.564549  0  -1.21406  
8.08  -0.361745  0  2.70013  0.633408  0  -1.21406  
8.09  -0.354895  0  2.68799  0.684968  0  -1.21406  
8.1  -0.347715  0  2.67585  0.718027  0  -1.21406  
8.11  -0.340396  0  2.66371  0.73188  0  -1.21406  
8.12  -0.333133  0  2.65157  0.726336  0  -1.21406  
8.13  -0.325869  0  2.63943  0.726336  0  -1.21406  
8.14  -0.318606  0  2.62729  0.726336  0  -1.21406  
8.15  -0.311342  0  2.61515  0.726336  0  -1.21406  
8.16  -0.304079  0  2.60301  0.726336  0  -1.21406  
8.17  -0.296816  0  2.59086  0.726336  0  -1.21406  
8.18  -0.289552  0  2.57872  0.726336  0  -1.21406  
8.19  -0.282289  0  2.56658  0.726336  0  -1.21406  
8.2  -0.275026  0  2.55444  0.726336  0  -1.21406  
8.21  -0.267762  0  2.5423  0.726336  0  -1.21406  
8.22  -0.260499  0  2.53016  0.726336  0  -1.21406  
8.23  -0.253236  0  2.51802  0.726336  0  -1.21406  
8.24  -0.245972  0  2.50588  0.726336  0  -1.21406  
8.25  -0.238709  0  2.49374  0.726336  0  -1.21406  
8.26  -0.231446  0  2.4816  0.726336  0  -1.21406  
8.27  -0.224182  0  2.46946  0.726336  0  -1.21406  
8.28  -0.216919  0  2.45732  0.726336  0  -1.21406  
8.29  -0.209655  0  2.44518  0.726336  0  -1.21406  
8.3  -0.202392  0  2.43304  0.726336  0  -1.21406  
8.31  -0.195129  0  2.4209  0.726336  0  -1.21406  
8.32  -0.187865  0  2.40876  0.726336  0  -1.21406  
8.33  -0.180602  0  2.39662  0.726336  0  -1.21406  
8.34  -0.173339  0  2.38447  0.726336  0  -1.21406  
8.35  -0.166075  0  2.37233  0.726336  0  -1.21406  
8.36  -0.158812  0  2.36019  0.726336  0  -1.21406  
8.37  -0.151549  0  2.34805  0.726336  0  -1.21406  
8.38  -0.144285  0  2.33591  0.726336  0  -1.21406  
8.39  -0.137022  0  2.32377  0.726336  0  -1.21406  
8.4  -0.129759  0  2.31163  0.726336  0  -1.21406  
8.41  -0.122495  0  2.29949  0.726336  0  -1.21406  
8.42  -0.115232  0  2.28735  0.726336  0  -1.21406  
8.43  -0.107968  0  2.27521  0.726336  0  -1.21406  
8.44  -0.100705  0  2.26307  0.726336  0  -1.21406  
8.45  -0.0934418  0  2.25093  0.726336  0  -1.21406  
8.46  -0.0861784  0  2.23879  0.726336  0  -1.21406  
8.47  -0.0789151  0  2.22665  0.726336  0  -1.21406  
8.48  -0.0716517  0  2.21451  0.726336  0  -1.21406  
8.49  -0.0643884  0  2.20237  0.726336  0  -1.21406  
8.5  -0.057125  0  2.19022  0.726336  0  -1.21406  
8.51  -0.0498617  0  2.17808  0.726336  0  -1.21406  
8.52  -0.0425983  0  2.16594  0.726336  0  -1.21406  
8.53  -0.0353349  0  2.1538  0.726336  0  -1.21406  
8.54  -0.0280716  0  2.14166  0.726336  0  -1.21406  
8.55  -0.0208082  0  2.12952  0.726336  0  -1.21406  
8.56  -0.0135449  0  2.11738  0.726336  0  -1.21406  
8.57  -0.00628152  0  2.10524  0.726336  0  -1.21406  
8.58  0.000981837  0  2.0931  0.726336  0  -1.21406  
8.59  0.00824519  0  2.08096  0.726336  0  -1.21406  
8.6  0.0155085  0  2.06882  0.726336  0  -1.21406  
8.61  0.0227719  0  2.05668  0.726336  0  -1.21406  
8.62  0.0300353  0  2.04454  0.726336  0  -1.21406  
8.63  0.0372986  0  2.0324  0.726336  0  -1.21406  
8.64  0.044562  0  2.02026  0.726336  0  -1.21406  
8.65  0.0518253  0  2.00812  0.726336  0  -1.21406  
8.66  0.0590887  0  1.99597  0.726336  0  -1.21406  
8.67  0.066352  0  1.98383  0.726336  0  -1.21406  
8.68  0.0736154  0  1.97169  0.726336  0  -1.21406  
8.69  0.0808787  0  1.95955  0.726336  0  -1.21406  
8.7  0.0881421  0  1.94741  0.726336  0  -1.21406  
8.71  0.0954055  0  1.93527  0.726336  0  -1.21406  
8.72  0.102669  0  1.92313  0.726336  0  -1.21406  
8.73  0.109932  0  1.91099  0.726336  0  -1.21406  
8.74  0.117196  0  1.89885  0.726336  0  -1.21406  
8.75  0.124459  0  1.88671  0.726336  0  -1.21406  
8.76  0.131722  0  1.87457  0.726336  0  -1.21406  
8.77  0.138986  0  1.86243  0.726336  0  -1.21406  
8.78  0.146249  0  1.85029  0.726336  0  -1.21406  
8.79  0.153512  0  1.83815  0.726336  0  -1.21406  
8.8  0.160776  0  1.82601  0.726336  0  -1.21406  
8.81  0.168039  0  1.81387  0.726336  0  -1.21406  
8.82  0.175302  0  1.80172  0.726336  0  -1.21406  
8.83  0.182566  0  1.78958  0.726336  0  -1.21406  
8.84  0.189829  0  1.77744  0.726336  0  -1.21406  
8.85  0.197092  0  1.7653  0.726336  0  -1.21406  
8.86  0.204356  0  1.75316  0.726336  0  -1.21406  
8.87  0.211619  0  1.74102  0.726336  0  -1.21406  
8.88  0.218883  0  1.72888  0.726336  0  -1.21406  
8.89  0.226146  0  1.71674  0.726336  0  -1.21406  
8.9  0.233409  0  1.7046  0.726336  0  -1.21406  
8.91  0.240673  0  1.69246  0.726336  0  -1.21406  
8.92  0.247936  0  1.68032  0.726336  0  -1.21406  
8.93  0.255199  0  1.66818  0.726336  0  -1.21406  
8.94  0.262463  0  1.65604  0.726336  0  -1.21406  
8.95  0.269726  0  1.6439  0.726336  0  -1.21406  
8.96  0.276989  0  1.63176  0.726336  0  -1.21406  
8.97  0.284253  0  1.61962  0.726336  0  -1.21406  
8.98  0.291516  0  1.60748  0.726336  0  -1.21406  
8.99  0.298779  0  1.59533  0.726336  0  -1.21406  
9  0.306043  0  1.58319  0.726336  0  -1.21406  
9.01  0.313306  0  1.57105  0.726336  0  -1.21406  
9.02  0.320569  0  1.55891  0.726336  0  -1.21406  
9.03  0.327833  0  1.54677  0.726336  0  -1.21406  
9.04  0.335096  0  1.53463  0.726336  0  -1.21406  
9.05  0.34236  0  1.52249  0.726336  0  -1.21406  
9.06  0.349623  0  1.51035  0.726336  0  -1.21406  
9.07  0.356886  0  1.49821  0.726336  0  -1.21406  
9.08  0.36415  0  1.48607  0.726336  0  -1.21406  
9.09  0.371413  0  1.47393  0.726336  0  -1.21406  
9.1  0.378676  0  1.46179  0.726336  0  -1.21406  
9.11  0.38594  0  1.44965  0.726336  0  -1.21406  
9.12  0.393203  0  1.43751  0.726336  0  -1.21406  
9.13  0.400466  0  1.42537  0.726336  0  -1.21406  
9.14  0.40773  0  1.41323  0.726336  0  -1.21406  
9.15  0.414993  0  1.40108  0.726336  0  -1.21406  
9.16  0.422256  0  1.38894  0.726336  0  -1.21406  
9.17  0.42952  0  1.3768  0.726336  0  -1.21406  
9.18  0.436783  0  1.36466  0.726336  0  -1.21406  
9.19  0.444047  0  1.35252  0.726336  0  -1.21406  
9.2  0.45131  0  1.34038  0.726336  0  -1.21406  
9.21  0.458573  0  1.32824  0.726336  0  -1.21406  
9.22  0.465837  0  1.3161  0.726336  0  -1.21406  
9.23  0.4731  0  1.30396  0.726336  0  -1.21406  
9.24  0.480363  0  1.29182  0.726336  0  -1.21406  
9.25  0.487627  0  1.27968  0.726336  0  -1.21406  
9.26  0.49489  0  1.26754  0.726336  0  -1.21406  
9.27  0.502153  0  1.2554  0.726336  0  -1.21406  
9.28  0.509417  0  1.24326  0.726336  0  -1.21406  
9.29  0.51668  0  1.23112  0.726336  0  -1.21406  
9.3  0.523943  0  1.21898  0.726336  0  -1.21406  
9.31  0.531207  0  1.20683  0.726336  0  -1.21406  
9.32  0.53847  0  1.19469  0.726336  0  -1.21406  
9.33  0.545733  0  1.18255  0.726336  0  -1.21406  
9.34  0.552997  0  1.17041  0.726336  0  -1.21406  
9.35  0.56026  0  1.15827  0.726336  0  -1.21406  
9.36  0.567524  0  1.14613  0.726336  0  -1.21406  
9.37  0.574787  0  1.13399  0.726336  0  -1.21406  
9.38  0.58205  0  1.12185  0.726336  0  -1.21406  
9.39  0.589314  0  1.10971  0.726336  0  -1.21406  
9.4  0.596577  0  1.09757  0.726336  0  -1.21406  
9.41  0.60384  0  1.08543  0.726336  0  -1.21406  
9.42  0.611104  0  1.07329  0.726336  0  -1.21406  
9.43  0.618367  0  1.06115  0.726336  0  -1.21406  
9.44  0.62563  0  1.04901  0.726336  0  -1.21406  
9.45  0.632894  0  1.03687  0.726336  0  -1.21406  
9.46  0.640157  0  1.02473  0.726336  0  -1.21406  
9.47  0.64742  0  1.01259  0.726336  0  -1.21406  
9.48  0.654684  0  1.00044  0.726336  0  -1.21406  
9.49  0.661947  0  0.988304  0.726336  0  -1.21406  
9.5  0.669211  0  0.976163  0.726336  0  -1.21406  
9.51  0.676474  0  0.964023  0.726336  0  -1.21406  
9.52  0.683737  0  0.951882  0.726336  0  -1.21406  
9.53  0.691001  0  0.939741  0.726336  0  -1.21406  
9.54  0.698264  0  0.927601  0.726336  0  -1.21406  
9.55  0.705527  0  0.91546  0.726336  0  -1.21406  
9.56  0.712791  0  0.90332  0.726336  0  -1.21406  
9.57  0.720054  0  0.891179  0.726336  0  -1.21406  
9.58  0.727317  0  0.879038  0.726336  0  -1.21406  
9.59  0.734581  0  0.866898  0.726336  0  -1.21406  
9.6  0.741844  0  0.854757  0.726336  0  -1.21406  
9.61  0.749107  0  0.842616  0.726336  0  -1.21406  
9.62  0.756371  0  0.830476  0.726336  0  -1.21406  
9.63  0.763634  0  0.818335  0.726336  0  -1.21406  
9.64  0.770898  0  0.806195  0.726336  0  -1.21406  
9.65  0.778161  0  0.794054  0.726336  0  -1.21406  
9.66  0.785424  0  0.781913  0.726336  0  -1.21406  
9.67  0.792688  0  0.769773  0.726336  0  -1.21406  
9.68  0.799951  0  0.757632  0.726336  0  -1.21406  
9.69  0.807214  0  0.745492  0.726336  0  -1.21406  
9.7  0.814478  0  0.733351  0.726336  0  -1.21406  
9.71  0.821741  0  0.72121  0.726336  0  -1.21406  
9.72  0.829004  0  0.70907  0.726336  0  -1.21406  
9.73  0.836268  0  0.696929  0.726336  0  -1.21406  
9.74  0.843531  0  0.684788  0.726336  0  -1.21406  
9.75  0.850794  0  0.672648  0.726336  0  -1.21406  
9.76  0.858058  0  0.660507  0.726336  0  -1.21406  
9.77  0.865321  0  0.648367  0.726336  0  -1.21406  
9.78  0.872584  0  0.636226  0.726336  0  -1.21406  
9.79  0.879848  0  0.624085  0.726336  0  -1.21406  
9.8  0.887111  0  0.611945  0.726336  0  -1.21406  
9.81  0.894375  0  0.599804  0.726336  0  -1.21406  
9.82  0.901638  0  0.587664  0.726336  0  -1.21406  
9.83  0.908901  0  0.575523  0.726336  0  -1.21406  
9.84  0.916165  0  0.563382  0.726336  0  -1.21406  
9.85  0.923428  0  0.551242  0.726336  0  -1.21406  
9.86  0.930691  0  0.539101  0.726336  0  -1.21406  
9.87  0.937955  0  0.526961  0.726336  0  -1.21406  
9.88  0.945218  0  0.51482  0.726336  0  -1.21406  
9.89  0.952481  0  0.502679  0.726336  0  -1.21406  
9.9  0.959745  0  0.490539  0.726336  0  -1.21406  
9.91  0.967008  0  0.478398  0.726336  0  -1.21406  
9.92  0.974271  0  0.466257  0.726336  0  -1.21406  
9.93  0.981535  0  0.454117  0.726336  0  -1.21406  
9.94  0.988798  0  0.441976  0.726336  0  -1.21406  
9.95  0.996062  0  0.429836  0.726336  0  -1.21406  
9.96  1.00332  0  0.417695  0.726336  0  -1.21406  
9.97  1.01059  0  0.405554  0.726336  0  -1.21406  
9.98  1.01785  0  0.393414  0.726336  0  -1.21406  
9.99  1.02511  0  0.381273  0.726336  0  -1.21406  
