0  7.86
0.01  7.87271
0.02  7.88444
0.03  7.89519
0.04  7.90495
0.05  7.91374
0.06  7.92154
0.07  7.92837
0.08  7.93421
0.09  7.93907
0.1  7.94295
0.11  7.94585
0.12  7.94777
0.13  7.94871
0.14  7.94866
0.15  7.94764
0.16  7.94563
0.17  7.94265
0.18  7.93868
0.19  7.93373
0.2  7.9278
0.21  7.92089
0.22  7.913
0.23  7.90413
0.24  7.89427
0.25  7.88344
0.26  7.87162
0.27  7.85883
0.28  7.84505
0.29  7.83029
0.3  7.81455
0.31  7.79783
0.32  7.78013
0.33  7.76145
0.34  7.74178
0.35  7.72114
0.36  7.69951
0.37  7.67691
0.38  7.65332
0.39  7.62875
0.4  7.6032
0.41  7.57667
0.42  7.54916
0.43  7.52067
0.44  7.49119
0.45  7.46074
0.46  7.4293
0.47  7.39689
0.48  7.36349
0.49  7.32911
0.5  7.29375
0.51  7.25741
0.52  7.22009
0.53  7.18179
0.54  7.1425
0.55  7.10224
0.56  7.06099
0.57  7.01877
0.58  6.97556
0.59  6.93137
0.6  6.8862
0.61  6.84005
0.62  6.79292
0.63  6.74481
0.64  6.69571
0.65  6.64564
0.66  6.59458
0.67  6.54255
0.68  6.48953
0.69  6.43553
0.7  6.38055
0.71  6.32459
0.72  6.26765
0.73  6.20973
0.74  6.15082
0.75  6.09094
0.76  6.03007
0.77  5.96823
0.78  5.9054
0.79  5.84159
0.8  5.7768
0.81  5.71103
0.82  5.64428
0.83  5.57655
0.84  5.50783
0.85  5.43814
0.86  5.36746
0.87  5.29581
0.88  5.22317
0.89  5.14955
0.9  5.07495
0.91  4.99937
0.92  4.92281
0.93  4.84527
0.94  4.76674
0.95  4.68724
0.96  4.60675
0.97  4.52529
0.98  4.44284
0.99  4.35941
1  4.275
1.01  4.18961
1.02  4.10324
1.03  4.01589
1.04  3.92755
1.05  3.83824
1.06  3.74794
1.07  3.65667
1.08  3.56441
1.09  3.47117
1.1  3.37695
1.11  3.28175
1.12  3.18557
1.13  3.08841
1.14  2.99026
1.15  2.89114
1.16  2.79103
1.17  2.68995
1.18  2.58788
1.19  2.48483
1.2  2.3808
1.21  2.27579
1.22  2.1698
1.23  2.06283
1.24  1.95487
1.25  1.84594
1.26  1.73602
1.27  1.62513
1.28  1.51325
1.29  1.40039
1.3  1.28655
1.31  1.17173
1.32  1.05593
1.33  0.939146
1.34  0.821382
1.35  0.702638
1.36  0.582912
1.37  0.462206
1.38  0.340518
1.39  0.21785
1.4  0.0942
1.41  -0.0275849
1.42  -0.144315
1.43  -0.252962
1.44  -0.350737
1.45  -0.435164
1.46  -0.50414
1.47  -0.555987
1.48  -0.589493
1.49  -0.603943
1.5  -0.599126
1.51  -0.575344
1.52  -0.533392
1.53  -0.47454
1.54  -0.400488
1.55  -0.313325
1.56  -0.215463
1.57  -0.109576
1.58  0.00147684
1.59  0.114723
1.6  0.227162
1.61  0.338619
1.62  0.449095
1.63  0.558591
1.64  0.667105
1.65  0.774639
1.66  0.881191
1.67  0.986762
1.68  1.09135
1.69  1.19496
1.7  1.29759
1.71  1.39924
1.72  1.4999
1.73  1.59959
1.74  1.69829
1.75  1.79602
1.76  1.89276
1.77  1.98852
1.78  2.0833
1.79  2.1771
1.8  2.26992
1.81  2.36176
1.82  2.45261
1.83  2.54249
1.84  2.63138
1.85  2.7193
1.86  2.80623
1.87  2.89218
1.88  2.97715
1.89  3.06114
1.9  3.14415
1.91  3.22618
1.92  3.30722
1.93  3.38729
1.94  3.46637
1.95  3.54448
1.96  3.6216
1.97  3.69774
1.98  3.7729
1.99  3.84708
2  3.92028
2.01  3.9925
2.02  4.06373
2.03  4.13399
2.04  4.20326
2.05  4.27156
2.06  4.33887
2.07  4.4052
2.08  4.47055
2.09  4.53492
2.1  4.59831
2.11  4.66071
2.12  4.72214
2.13  4.78259
2.14  4.84205
2.15  4.90053
2.16  4.95804
2.17  5.01456
2.18  5.0701
2.19  5.12466
2.2  5.17824
2.21  5.23083
2.22  5.28245
2.23  5.33309
2.24  5.38274
2.25  5.43141
2.26  5.47911
2.27  5.52582
2.28  5.57155
2.29  5.6163
2.3  5.66007
2.31  5.70285
2.32  5.74466
2.33  5.78548
2.34  5.82533
2.35  5.86419
2.36  5.90207
2.37  5.93898
2.38  5.9749
2.39  6.00984
2.4  6.04379
2.41  6.07677
2.42  6.10877
2.43  6.13978
2.44  6.16982
2.45  6.19887
2.46  6.22694
2.47  6.25404
2.48  6.28015
2.49  6.30528
2.5  6.32942
2.51  6.35259
2.52  6.37478
2.53  6.39598
2.54  6.41621
2.55  6.43545
2.56  6.45371
2.57  6.47099
2.58  6.48729
2.59  6.50261
2.6  6.51695
2.61  6.53031
2.62  6.54269
2.63  6.55408
2.64  6.5645
2.65  6.57393
2.66  6.58238
2.67  6.58985
2.68  6.59634
2.69  6.60185
2.7  6.60638
2.71  6.60993
2.72  6.6125
2.73  6.61408
2.74  6.61469
2.75  6.61431
2.76  6.61295
2.77  6.61061
2.78  6.60729
2.79  6.60299
2.8  6.59771
2.81  6.59145
2.82  6.5842
2.83  6.57598
2.84  6.56677
2.85  6.55659
2.86  6.54542
2.87  6.53327
2.88  6.52014
2.89  6.50603
2.9  6.49094
2.91  6.47487
2.92  6.45781
2.93  6.43978
2.94  6.42076
2.95  6.40077
2.96  6.37979
2.97  6.35783
2.98  6.33489
2.99  6.31097
3  6.28607
3.01  6.26019
3.02  6.23332
3.03  6.20548
3.04  6.17665
3.05  6.14685
3.06  6.11606
3.07  6.08429
3.08  6.05154
3.09  6.01781
3.1  5.9831
3.11  5.94741
3.12  5.91073
3.13  5.87308
3.14  5.83444
3.15  5.79483
3.16  5.75423
3.17  5.71265
3.18  5.67009
3.19  5.62655
3.2  5.58203
3.21  5.53652
3.22  5.49004
3.23  5.44258
3.24  5.39413
3.25  5.3447
3.26  5.2943
3.27  5.24291
3.28  5.19054
3.29  5.13719
3.3  5.08286
3.31  5.02754
3.32  4.97125
3.33  4.91398
3.34  4.85572
3.35  4.79648
3.36  4.73627
3.37  4.67507
3.38  4.61289
3.39  4.54973
3.4  4.48559
3.41  4.42046
3.42  4.35436
3.43  4.28727
3.44  4.21921
3.45  4.15016
3.46  4.08014
3.47  4.00913
3.48  3.93714
3.49  3.86417
3.5  3.79021
3.51  3.71528
3.52  3.63937
3.53  3.56247
3.54  3.4846
3.55  3.40574
3.56  3.3259
3.57  3.24509
3.58  3.16329
3.59  3.08051
3.6  2.99674
3.61  2.912
3.62  2.82628
3.63  2.73957
3.64  2.65189
3.65  2.56322
3.66  2.47357
3.67  2.38294
3.68  2.29134
3.69  2.19874
3.7  2.10517
3.71  2.01062
3.72  1.91509
3.73  1.81857
3.74  1.72108
3.75  1.6226
3.76  1.52314
3.77  1.4227
3.78  1.32128
3.79  1.21888
3.8  1.1155
3.81  1.01114
3.82  0.905796
3.83  0.799471
3.84  0.692166
3.85  0.583879
3.86  0.474612
3.87  0.364363
3.88  0.253133
3.89  0.140923
3.9  0.0292435
3.91  -0.0789685
3.92  -0.180895
3.93  -0.273908
3.94  -0.355638
3.95  -0.424036
3.96  -0.477419
3.97  -0.514518
3.98  -0.534501
3.99  -0.536997
4  -0.522097
4.01  -0.490351
4.02  -0.442745
4.03  -0.380677
4.04  -0.30591
4.05  -0.220528
4.06  -0.126875
4.07  -0.0274916
4.08  0.0749536
4.09  0.177735
4.1  0.279536
4.11  0.380356
4.12  0.480195
4.13  0.579053
4.14  0.67693
4.15  0.773826
4.16  0.86974
4.17  0.964674
4.18  1.05863
4.19  1.1516
4.2  1.24359
4.21  1.3346
4.22  1.42463
4.23  1.51368
4.24  1.60174
4.25  1.68883
4.26  1.77493
4.27  1.86006
4.28  1.9442
4.29  2.02736
4.3  2.10954
4.31  2.19074
4.32  2.27096
4.33  2.3502
4.34  2.42846
4.35  2.50573
4.36  2.58203
4.37  2.65734
4.38  2.73167
4.39  2.80503
4.4  2.8774
4.41  2.94879
4.42  3.0192
4.43  3.08862
4.44  3.15707
4.45  3.22454
4.46  3.29102
4.47  3.35652
4.48  3.42105
4.49  3.48459
4.5  3.54715
4.51  3.60873
4.52  3.66933
4.53  3.72895
4.54  3.78758
4.55  3.84524
4.56  3.90191
4.57  3.95761
4.58  4.01232
4.59  4.06605
4.6  4.1188
4.61  4.17057
4.62  4.22136
4.63  4.27117
4.64  4.32
4.65  4.36784
4.66  4.41471
4.67  4.46059
4.68  4.50549
4.69  4.54942
4.7  4.59236
4.71  4.63432
4.72  4.6753
4.73  4.71529
4.74  4.75431
4.75  4.79235
4.76  4.8294
4.77  4.86547
4.78  4.90057
4.79  4.93468
4.8  4.96781
4.81  4.99996
4.82  5.03113
4.83  5.06132
4.84  5.09052
4.85  5.11875
4.86  5.14599
4.87  5.17226
4.88  5.19754
4.89  5.22184
4.9  5.24516
4.91  5.2675
4.92  5.28886
4.93  5.30924
4.94  5.32864
4.95  5.34705
4.96  5.36449
4.97  5.38094
4.98  5.39641
4.99  5.41091
