0  7.86
0.1  7.94295
0.2  7.9278
0.3  7.81455
0.4  7.6032
0.5  7.29375
0.6  6.8862
0.7  6.38055
0.8  5.7768
0.9  5.07495
1  4.275
1.1  3.37695
1.2  2.3808
1.3  1.28655
1.4  0.0942
1.5  -1.19625
1.6  -2.5848
1.7  -4.07145
1.8  -5.6562
1.9  -7.33905
2  -9.12
2.1  -10.9991
2.2  -12.9762
2.3  -15.0515
2.4  -17.2248
2.5  -19.4963
2.6  -21.8658
2.7  -24.3335
2.8  -26.8992
2.9  -29.5631
3  -32.325
3.1  -35.1851
3.2  -38.1432
3.3  -41.1995
3.4  -44.3538
3.5  -47.6063
3.6  -50.9568
3.7  -54.4055
3.8  -57.9522
3.9  -61.5971
4  -65.34
4.1  -69.1811
4.2  -73.1202
4.3  -77.1575
4.4  -81.2928
4.5  -85.5263
4.6  -89.8578
4.7  -94.2875
4.8  -98.8152
4.9  -103.441
5  -108.165
5.1  -112.987
5.2  -117.907
5.3  -122.925
5.4  -128.042
5.5  -133.256
5.6  -138.569
5.7  -143.979
5.8  -149.488
5.9  -155.095
6  -160.8
6.1  -166.603
6.2  -172.504
6.3  -178.503
6.4  -184.601
6.5  -190.796
6.6  -197.09
6.7  -203.481
6.8  -209.971
6.9  -216.559
7  -223.245
7.1  -230.029
7.2  -236.911
7.3  -243.891
7.4  -250.97
7.5  -258.146
7.6  -265.421
7.7  -272.793
7.8  -280.264
7.9  -287.833
8  -295.5
8.1  -303.265
8.2  -311.128
8.3  -319.089
8.4  -327.149
8.5  -335.306
8.6  -343.562
8.7  -351.915
8.8  -360.367
8.9  -368.917
9  -377.565
9.1  -386.311
9.2  -395.155
9.3  -404.097
9.4  -413.138
9.5  -422.276
9.6  -431.513
9.7  -440.847
9.8  -450.28
9.9  -459.811
10  -469.44
10.1  -479.167
10.2  -488.992
10.3  -498.915
10.4  -508.937
10.5  -519.056
10.6  -529.274
10.7  -539.589
10.8  -550.003
10.9  -560.515
11  -571.125
11.1  -581.833
11.2  -592.639
11.3  -603.543
11.4  -614.546
11.5  -625.646
11.6  -636.845
11.7  -648.141
11.8  -659.536
11.9  -671.029
12  -682.62
12.1  -694.309
12.2  -706.096
12.3  -717.981
12.4  -729.965
12.5  -742.046
12.6  -754.226
12.7  -766.503
12.8  -778.879
12.9  -791.353
13  -803.925
13.1  -816.595
13.2  -829.363
13.3  -842.229
13.4  -855.194
13.5  -868.256
13.6  -881.417
13.7  -894.675
13.8  -908.032
13.9  -921.487
14  -935.04
14.1  -948.691
14.2  -962.44
14.3  -976.287
14.4  -990.233
14.5  -1004.28
14.6  -1018.42
14.7  -1032.66
14.8  -1047
14.9  -1061.43
15  -1075.96
15.1  -1090.6
15.2  -1105.33
15.3  -1120.16
15.4  -1135.08
15.5  -1150.11
15.6  -1165.23
15.7  -1180.45
15.8  -1195.77
15.9  -1211.19
16  -1226.7
16.1  -1242.31
16.2  -1258.02
16.3  -1273.83
16.4  -1289.74
16.5  -1305.75
16.6  -1321.85
16.7  -1338.05
16.8  -1354.35
16.9  -1370.75
17  -1387.24
17.1  -1403.84
17.2  -1420.53
17.3  -1437.32
17.4  -1454.21
17.5  -1471.2
17.6  -1488.28
17.7  -1505.46
17.8  -1522.74
17.9  -1540.12
18  -1557.6
18.1  -1575.18
18.2  -1592.85
18.3  -1610.62
18.4  -1628.49
18.5  -1646.46
18.6  -1664.52
18.7  -1682.69
18.8  -1700.95
18.9  -1719.31
19  -1737.76
19.1  -1756.32
19.2  -1774.98
19.3  -1793.73
19.4  -1812.58
19.5  -1831.53
19.6  -1850.57
19.7  -1869.72
19.8  -1888.96
19.9  -1908.3
20  -1927.74
20.1  -1947.28
20.2  -1966.91
20.3  -1986.65
20.4  -2006.48
20.5  -2026.41
20.6  -2046.43
20.7  -2066.56
20.8  -2086.78
20.9  -2107.11
21  -2127.52
21.1  -2148.04
21.2  -2168.66
21.3  -2189.37
21.4  -2210.19
21.5  -2231.1
21.6  -2252.1
21.7  -2273.21
21.8  -2294.42
21.9  -2315.72
22  -2337.12
22.1  -2358.62
22.2  -2380.22
22.3  -2401.91
22.4  -2423.7
22.5  -2445.6
22.6  -2467.59
22.7  -2489.67
22.8  -2511.86
22.9  -2534.14
23  -2556.52
23.1  -2579.01
23.2  -2601.58
23.3  -2624.26
23.4  -2647.03
23.5  -2669.91
23.6  -2692.88
23.7  -2715.95
23.8  -2739.11
23.9  -2762.38
24  -2785.74
24.1  -2809.2
24.2  -2832.76
24.3  -2856.42
24.4  -2880.17
24.5  -2904.03
24.6  -2927.98
24.7  -2952.03
24.8  -2976.18
24.9  -3000.42
25  -3024.76
25.1  -3049.21
25.2  -3073.75
25.3  -3098.39
25.4  -3123.12
25.5  -3147.96
25.6  -3172.89
25.7  -3197.92
25.8  -3223.05
25.9  -3248.28
26  -3273.6
26.1  -3299.02
26.2  -3324.54
26.3  -3350.16
26.4  -3375.88
26.5  -3401.7
26.6  -3427.61
26.7  -3453.62
26.8  -3479.73
26.9  -3505.94
27  -3532.24
27.1  -3558.65
27.2  -3585.15
27.3  -3611.75
27.4  -3638.45
27.5  -3665.25
27.6  -3692.14
27.7  -3719.13
27.8  -3746.22
27.9  -3773.41
28  -3800.7
28.1  -3828.09
28.2  -3855.57
28.3  -3883.15
28.4  -3910.83
28.5  -3938.61
28.6  -3966.48
28.7  -3994.46
28.8  -4022.53
28.9  -4050.7
29  -4078.96
29.1  -4107.33
29.2  -4135.8
29.3  -4164.36
29.4  -4193.02
29.5  -4221.78
29.6  -4250.63
29.7  -4279.59
29.8  -4308.64
29.9  -4337.79
30  -4367.04
30.1  -4396.39
30.2  -4425.83
30.3  -4455.38
30.4  -4485.02
30.5  -4514.76
30.6  -4544.59
30.7  -4574.53
30.8  -4604.56
30.9  -4634.7
31  -4664.92
31.1  -4695.25
31.2  -4725.68
31.3  -4756.2
31.4  -4786.83
31.5  -4817.55
31.6  -4848.36
31.7  -4879.28
31.8  -4910.3
31.9  -4941.41
32  -4972.62
32.1  -5003.93
32.2  -5035.34
32.3  -5066.84
32.4  -5098.44
32.5  -5130.15
32.6  -5161.95
32.7  -5193.84
32.8  -5225.84
32.9  -5257.93
33  -5290.12
33.1  -5322.42
33.2  -5354.8
33.3  -5387.29
33.4  -5419.87
33.5  -5452.56
33.6  -5485.34
33.7  -5518.22
33.8  -5551.19
33.9  -5584.27
34  -5617.44
34.1  -5650.71
34.2  -5684.08
34.3  -5717.55
34.4  -5751.11
34.5  -5784.78
34.6  -5818.54
34.7  -5852.4
34.8  -5886.36
34.9  -5920.41
35  -5954.56
35.1  -5988.82
35.2  -6023.17
35.3  -6057.62
35.4  -6092.16
35.5  -6126.81
35.6  -6161.55
35.7  -6196.39
35.8  -6231.33
35.9  -6266.37
36  -6301.5
36.1  -6336.73
36.2  -6372.06
36.3  -6407.49
36.4  -6443.02
36.5  -6478.65
36.6  -6514.37
36.7  -6550.19
36.8  -6586.11
36.9  -6622.13
37  -6658.24
37.1  -6694.46
37.2  -6730.77
37.3  -6767.18
37.4  -6803.69
37.5  -6840.3
37.6  -6877
37.7  -6913.8
37.8  -6950.7
37.9  -6987.7
38  -7024.8
38.1  -7062
38.2  -7099.29
38.3  -7136.68
38.4  -7174.17
38.5  -7211.76
38.6  -7249.44
38.7  -7287.23
38.8  -7325.11
38.9  -7363.09
39  -7401.16
39.1  -7439.34
39.2  -7477.62
39.3  -7515.99
39.4  -7554.46
39.5  -7593.03
39.6  -7631.69
39.7  -7670.46
39.8  -7709.32
39.9  -7748.28
40  -7787.34
40.1  -7826.5
40.2  -7865.75
40.3  -7905.11
40.4  -7944.56
40.5  -7984.11
40.6  -8023.75
40.7  -8063.5
40.8  -8103.34
40.9  -8143.29
41  -8183.32
41.1  -8223.46
41.2  -8263.7
41.3  -8304.03
41.4  -8344.47
41.5  -8385
41.6  -8425.62
41.7  -8466.35
41.8  -8507.18
41.9  -8548.1
42  -8589.12
42.1  -8630.24
42.2  -8671.46
42.3  -8712.77
42.4  -8754.18
42.5  -8795.7
42.6  -8837.31
42.7  -8879.01
42.8  -8920.82
42.9  -8962.72
43  -9004.72
43.1  -9046.83
43.2  -9089.02
43.3  -9131.32
43.4  -9173.71
43.5  -9216.21
43.6  -9258.8
43.7  -9301.49
43.8  -9344.27
43.9  -9387.16
44  -9430.14
44.1  -9473.22
44.2  -9516.4
44.3  -9559.68
44.4  -9603.05
44.5  -9646.53
44.6  -9690.1
44.7  -9733.77
44.8  -9777.54
44.9  -9821.4
45  -9865.36
45.1  -9909.43
45.2  -9953.59
45.3  -9997.85
45.4  -10042.2
45.5  -10086.7
45.6  -10131.2
45.7  -10175.9
45.8  -10220.6
45.9  -10265.5
46  -10310.4
46.1  -10355.4
46.2  -10400.6
46.3  -10445.8
46.4  -10491.2
46.5  -10536.6
46.6  -10582.1
46.7  -10627.8
46.8  -10673.5
46.9  -10719.3
47  -10765.2
47.1  -10811.3
47.2  -10857.4
47.3  -10903.6
47.4  -10949.9
47.5  -10996.3
47.6  -11042.9
47.7  -11089.5
47.8  -11136.2
47.9  -11183
48  -11229.9
48.1  -11276.9
48.2  -11324
48.3  -11371.2
48.4  -11418.5
48.5  -11465.9
48.6  -11513.4
48.7  -11561
48.8  -11608.7
48.9  -11656.5
49  -11704.4
49.1  -11752.4
49.2  -11800.4
49.3  -11848.6
49.4  -11896.9
49.5  -11945.3
49.6  -11993.8
49.7  -12042.3
49.8  -12091
49.9  -12139.8
